===== UKF DEFINE =====

UKF_STATE_SIZE = 8
UKF_PROCESS_NOISE_SIZE = 3
UKF_MEASUREMENT_SIZE = 3
UKF_ALPHA = 0.001
UKF_KAPPA = 0.0
UKF_BETA = 2.0
UKF_LAMBDA = -10.999989
UKF_GAMMA = 0.0033166247904532977

INITIAL_P =[
[ 0.100000,  0.000000,  0.000000,  0.000000,  0.000000,  0.000000,  0.000000,  0.000000]
[ 0.000000,  0.100000,  0.000000,  0.000000,  0.000000,  0.000000,  0.000000,  0.000000]
[ 0.000000,  0.000000,  0.100000,  0.000000,  0.000000,  0.000000,  0.000000,  0.000000]
[ 0.000000,  0.000000,  0.000000,  0.100000,  0.000000,  0.000000,  0.000000,  0.000000]
[ 0.000000,  0.000000,  0.000000,  0.000000,  0.100000,  0.000000,  0.000000,  0.000000]
[ 0.000000,  0.000000,  0.000000,  0.000000,  0.000000,  0.000100,  0.000000,  0.000000]
[ 0.000000,  0.000000,  0.000000,  0.000000,  0.000000,  0.000000,  0.000100,  0.000000]
[ 0.000000,  0.000000,  0.000000,  0.000000,  0.000000,  0.000000,  0.000000,  0.000100]
]

PROCESS_NOISE_COV =[
[ 0.040000,  0.000000,  0.000000]
[ 0.000000,  0.040000,  0.000000]
[ 0.000000,  0.000000,  0.001218]
]

MEASUREMENT_NOISE_COV =[
[ 0.010000,  0.000000,  0.000000]
[ 0.000000,  0.010000,  0.000000]
[ 0.000000,  0.000000,  0.010000]
]

===== UKF INIT =====

x_init = [ 7.700000,  5.000000,  0.312578,  1.004321,  1.269066,  0.050000, -0.030000,  0.010472]

P_init =[
[ 0.100000,  0.000000,  0.000000,  0.000000,  0.000000,  0.000000,  0.000000,  0.000000]
[ 0.000000,  0.100000,  0.000000,  0.000000,  0.000000,  0.000000,  0.000000,  0.000000]
[ 0.000000,  0.000000,  0.100000,  0.000000,  0.000000,  0.000000,  0.000000,  0.000000]
[ 0.000000,  0.000000,  0.000000,  0.100000,  0.000000,  0.000000,  0.000000,  0.000000]
[ 0.000000,  0.000000,  0.000000,  0.000000,  0.100000,  0.000000,  0.000000,  0.000000]
[ 0.000000,  0.000000,  0.000000,  0.000000,  0.000000,  0.000100,  0.000000,  0.000000]
[ 0.000000,  0.000000,  0.000000,  0.000000,  0.000000,  0.000000,  0.000100,  0.000000]
[ 0.000000,  0.000000,  0.000000,  0.000000,  0.000000,  0.000000,  0.000000,  0.000100]
]

Wm = [-999998.999941,  45454.545452,  45454.545452,  45454.545452,  45454.545452,  45454.545452,  45454.545452,  45454.545452,  45454.545452,  45454.545452,  45454.545452,  45454.545452,  45454.545452,  45454.545452,  45454.545452,  45454.545452,  45454.545452,  45454.545452,  45454.545452,  45454.545452,  45454.545452,  45454.545452,  45454.545452]

Wc = [-999995.999942,  45454.545452,  45454.545452,  45454.545452,  45454.545452,  45454.545452,  45454.545452,  45454.545452,  45454.545452,  45454.545452,  45454.545452,  45454.545452,  45454.545452,  45454.545452,  45454.545452,  45454.545452,  45454.545452,  45454.545452,  45454.545452,  45454.545452,  45454.545452,  45454.545452,  45454.545452]

